>CNNBRGCGCCCCCTGSTGGC	BORIS(Zf)/K562-CTCFL-ChIP-Seq(GSE32465)/Homer	9.032880	-28414.037074	0	T:12097.0(39.79%),B:538.5(1.81%),P:1e-12339	Tpos:50.2,Tstd:15.4,Bpos:51.2,Bstd:24.7,StrandBias:0.0,Multiplicity:1.02
0.173	0.416	0.246	0.165
0.226	0.275	0.229	0.270
0.288	0.299	0.259	0.154
0.105	0.320	0.268	0.307
0.334	0.114	0.416	0.136
0.060	0.326	0.554	0.060
0.052	0.562	0.052	0.334
0.037	0.005	0.827	0.131
0.023	0.960	0.013	0.004
0.001	0.997	0.001	0.001
0.245	0.670	0.027	0.058
0.001	0.689	0.001	0.309
0.001	0.997	0.001	0.001
0.050	0.043	0.017	0.890
0.253	0.073	0.525	0.149
0.004	0.418	0.546	0.032
0.172	0.150	0.055	0.623
0.001	0.001	0.997	0.001
0.019	0.063	0.865	0.053
0.192	0.432	0.150	0.226
>ATAGTGCCACCTGGTGGCCA	CTCF(Zf)/CD4+-CTCF-ChIP-Seq(Barski_et_al.)/Homer	8.704837	-6.281855e+03	0	15000.0,4645.0,2877.2,2765.0,0.00e+00
0.447	0.221	0.181	0.151
0.037	0.340	0.236	0.386
0.499	0.061	0.330	0.110
0.033	0.377	0.528	0.061
0.023	0.378	0.005	0.593
0.061	0.005	0.887	0.047
0.079	0.905	0.005	0.010
0.002	0.994	0.001	0.003
0.501	0.475	0.007	0.016
0.002	0.527	0.004	0.467
0.003	0.995	0.001	0.001
0.030	0.036	0.004	0.930
0.382	0.042	0.446	0.130
0.020	0.273	0.686	0.021
0.047	0.039	0.014	0.900
0.002	0.001	0.995	0.002
0.040	0.034	0.873	0.053
0.161	0.527	0.061	0.250
0.277	0.428	0.117	0.178
0.541	0.092	0.267	0.100
>TGCAGTTCCAANAGTGGCCA	CTCF-SatelliteElement(Zf?)/CD4+-CTCF-ChIP-Seq(Barski_et_al.)/Homer	11.159698	-1.535293e+03	0	15000.0,4550.0,350.4,347.0,0.00e+00
0.051	0.010	0.033	0.905
0.003	0.005	0.991	0.001
0.015	0.930	0.001	0.054
0.935	0.008	0.001	0.056
0.203	0.064	0.707	0.026
0.023	0.023	0.018	0.936
0.244	0.041	0.165	0.550
0.049	0.905	0.013	0.033
0.090	0.738	0.005	0.167
0.373	0.329	0.136	0.162
0.380	0.254	0.260	0.105
0.303	0.314	0.208	0.175
0.398	0.149	0.152	0.301
0.293	0.157	0.378	0.172
0.051	0.319	0.044	0.586
0.275	0.057	0.517	0.152
0.244	0.041	0.638	0.077
0.041	0.951	0.003	0.005
0.001	0.995	0.001	0.003
0.928	0.003	0.015	0.054
>CWGGCGGGAA	E2F1(E2F)/Hela-E2F1-ChIP-Seq(GSE22478)/Homer	7.531299	-346.110499	0	T:208.0(17.85%),B:657.0(1.49%),P:1e-150	Tpos:24.4,Tstd:9.9,Bpos:25.2,Bstd:16.2,StrandBias:-0.2,Multiplicity:1.04
0.213	0.424	0.224	0.141
0.257	0.158	0.210	0.377
0.062	0.147	0.790	0.002
0.002	0.002	0.995	0.002
0.002	0.995	0.002	0.002
0.002	0.002	0.995	0.002
0.002	0.080	0.917	0.002
0.002	0.015	0.982	0.002
0.995	0.002	0.002	0.002
0.949	0.002	0.048	0.002
